[Position]
x = 0.22890625
y = 0.8634259259259259

