[Position]
x = 0.6627604166666666
y = 0.9518518518518518

