[Position]
x = 0.709375
y = 0.8592592592592593

