[Position]
x = 0.24088541666666666
y = 0.8574074074074074

[Size]
width = 0.05
height = 0.025

